2019-01-25 14:49

Testing frequency analysis with

PickPoints_Bin

PickPoints_Bin =

    0.1189   -0.1604    0.7012
    0.1189   -0.1604    0.7012
    0.1189   -0.1604    0.7012
    0.1189   -0.1604    0.7012
   -0.0122    0.4020    0.0384
    0.0273    0.0812    0.1058
    0.1189   -0.1604    0.7012
    0.2686    0.4030    0.0422
    0.2346    0.0957    0.0755
    0.1189   -0.1604    0.7012
    1.0676    1.0855   -0.7448
    0.3712    0.0377    0.2215

PickPoints_Bin(8,3)

ans =

    0.0422

